Data Hora:2021-11-22 21:17:16.127280

Matrizes geradas

A = 
    | 2 1 1 7 3 7 |
    | 10 5 10 4 6 8 |
    | 8 6 6 8 7 8 |
    | 10 8 10 3 4 2 |

B = 
    | 2 9 5 9 4 5 2 4 5 9 |
    | 10 2 7 5 1 7 10 10 2 6 |
    | 7 7 4 5 7 3 1 0 5 6 |
    | 0 4 3 0 10 1 2 3 4 6 |
    | 8 1 6 9 6 4 8 1 4 2 |
    | 10 1 0 3 0 5 0 9 9 4 |

Produto = 
    | 115 65 60 76 104 74 53 105 120 106 |
    | 268 200 173 243 191 183 136 180 222 248 |
    | 254 173 172 219 202 176 154 195 214 238 |
    | 222 194 179 222 172 165 148 151 162 232 |

