Data Hora:2021-11-22 21:18:17.104528

Matrizes geradas

A = 
    | 5 0 5 5 8 9 |
    | 6 4 5 6 9 7 |
    | 9 3 7 2 3 7 |
    | 2 8 7 5 8 8 |

B = 
    | 4 5 6 6 7 6 0 3 5 5 |
    | 4 4 3 4 1 3 6 0 6 6 |
    | 5 0 9 0 8 9 4 1 2 4 |
    | 2 8 0 3 2 1 8 7 1 3 |
    | 6 0 1 2 3 1 8 8 5 2 |
    | 7 7 1 5 5 2 4 7 8 1 |

Produto = 
    | 166 128 92 106 154 106 160 182 152 85 |
    | 180 143 109 123 160 122 192 186 171 117 |
    | 154 122 136 113 170 145 114 121 150 110 |
    | 189 138 115 115 152 128 212 168 181 125 |

